150.0420 435.37
150.8865 171376.62
150.9892 41516.09
151.0260 265.53
152.0716 2.05
152.8836 210924.77
152.9850 1497.16
152.9957 1460.48
153.0049 231164.54
154.0043 401.05
154.0082 2235.34
154.0134 471.11
154.8806 62836.57
154.9281 25625.68
154.9472 173.05
154.9961 1575.30
155.0007 8012.41
155.1078 14351.98
156.8776 2179.41
156.9251 5721.78
156.9761 8765.76
156.9963 35429.65
157.0130 196.62
157.1233 16366.80
158.0609 1015.84
158.9252 230.65
159.0325 502.42
159.0451 14512.94
160.0224 2927.81
160.0402 1176.21
160.0628 69.83
161.0467 7.86
162.0559 772.14
162.9123 318.33
163.0400 9693.29
163.0611 513.31
163.0764 12065.76
164.0716 499.71
165.0556 4069.92
165.0749 302.16
165.9789 181396.34
166.0589 272.62
166.0872 257.11
166.6668 3610.94
166.6685 3325.98
166.6705 2598.27
166.6727 1990.45
166.8605 218.59
167.0171 2348.46
167.9920 300.37
168.0452 2990.34
168.9786 1445.76
169.0658 70467.48
169.0982 182.51
169.1233 18077.47
170.0042 156412.95
170.0611 1614.15
170.9955 66.57
171.0066 3740.78
171.0120 504.77
171.0469 8.82
171.1389 21714.61
172.0000 1163.46
172.0097 110.82
172.0114 17.17
172.0239 2430.08
172.0979 319.66
172.8815 160.03
173.0078 985.15
174.0019 7245.04
174.0558 245.48
174.9467 282.18
174.9867 118212.01
176.9006 7859.39
176.9101 17768.65
176.9291 16.77
176.9826 1989.33
178.0597 259.11
178.8976 1452.41
178.9071 2970.33
179.0350 8528.64
180.1029 110.94
181.0506 609.66
181.0717 20.16
182.0221 130.85
182.0749 463.29
183.0120 4874926.08
183.0563 564.01
183.1389 15111.23
183.9869 344.02
184.0154 383361.04
184.0198 339540.84
184.9769 4072.76
184.9856 71.80
184.9946 11407.53
185.0078 194702.31
185.0277 5427.65
185.0430 141.72
185.0470 138.27
185.1545 15461.51
185.9104 98.02
186.0394 249.84
186.0560 1347.43
186.9659 52579.25
187.0069 450.89
187.0142 100.35
187.9693 307.96
188.9629 9144.88
188.9816 66705.90
189.0299 88.23
189.0575 365.73
189.1284 7286.80
190.8790 472.73
190.9589 873.26
190.9605 244.84
190.9728 209.73
190.9775 792.04
190.9787 13460.59
191.0732 511.70
192.0057 8766.68
192.8840 1150.09
193.0658 11052.44
193.0981 76.62
194.9399 2178.98
195.1390 6266.58
195.6038 985.08
195.6114 539.55
196.9411 16.29
196.9947 105.03
197.0220 23.88
197.0277 406499.98
197.0565 195.60
197.1546 21976.04
198.0229 271.23
198.9178 300.52
199.0070 7845.34
199.1339 2268.42
199.1703 40325.20
200.1736 2802.26
201.9941 2923.98
202.0344 866.92
202.9608 368.59
203.0569 253.99
205.0539 721.89
205.1233 14653.97
205.1597 33523.93
206.0717 30.87
206.1631 2690.41
206.8563 367.20
207.0386 114.44
207.0681 4706.47
208.8452 149144.55
208.9478 15990.07
209.1548 11959.86
210.8423 202869.36
210.9176 346.09
210.9449 2071.19
210.9636 76204.02
211.0104 142.88
211.0433 68284.32
211.1703 28113.71
212.0752 7719.00
212.8393 80995.23
212.8868 1516.60
212.9607 22029.99
213.0228 6413.29
213.1496 2063.33
213.1860 21700.62
214.1894 1068.02
214.8364 9021.26
214.8829 1032.52
214.9140 902.95
214.9339 1269.38
214.9518 904.51
215.8742 120.75
216.8713 5691.22
216.9284 3362.07
217.0484 8.70
217.8713 417.64
218.0518 40.40
218.8738 558.60
218.9207 296.11
219.0454 1364.10
219.1753 56353.41
219.8684 146.65
221.0818 7786.81
221.0972 10113.70
221.1547 18512.30
223.1703 8455.63
223.9780 29223.63
224.0274 812.31
224.8192 300.53
224.9079 302.93
225.1861 42922.18
225.2224 5461.73
226.1561 14.47
226.1893 2348.61
226.8162 378.48
227.2017 132474.89
228.1435 1286.36
228.2049 10905.19
228.8131 102.97
228.8517 184.39
228.9390 1920679.50
229.0979 379.61
229.1808 326.02
229.9740 175.53
230.9554 1300865.54
231.1391 83133.45
231.1754 35807.88
232.8692 172.30
232.9455 55649.70
233.1548 64314.76
234.0860 112.82
234.8593 5784.78
234.8688 94810.50
234.9033 51.60
234.9426 11306.02
235.1705 7242.71
235.8580 122.16
236.8564 4733.02
236.8658 59766.42
237.1861 9752.16
237.2223 25810.15
238.1197 410.04
238.8629 7207.84
238.8658 155.25
238.9104 941.41
239.0747 132986.33
239.1653 6456.24
239.2016 44588.03
241.0731 138.72
241.1448 445.81
241.1810 3518.39
241.2173 70994.21
242.2207 6812.71
243.1602 738.34
243.1964 1583.08
243.8950 38.05
246.8487 150.98
247.1339 7713.63
248.8377 2423.31
248.9733 5187.72
249.0318 596.57
249.0786 263.91
249.1496 50238.36
249.1531 358.61
249.1860 9129.39
250.0462 3603.61
250.8348 4566.99
250.8458 2314.90
250.9820 289.75
251.1150 123.23
251.1653 1379.74
251.2017 30207.00
252.2052 1331.43
252.8303 53.26
252.8320 594.93
252.8349 449.78
252.8398 286.11
252.8428 44.29
253.1811 684.12
253.2175 286512.83
254.2210 32360.52
254.9264 14547.34
254.9441 38594.64
255.1608 6310.73
255.2330 5993274.88
255.3074 8225.68
255.9501 159952.86
256.0939 10.90
256.2363 1048908.50
256.8291 126.68
256.8508 643.81
257.1757 40301.56
257.2122 4211.29
257.2372 9153.51
257.2396 54265.36
257.9390 3889.14
257.9762 283.19
258.1790 3389.03
258.8477 629.08
258.8687 416.18
259.0759 228.50
260.8923 8938.61
261.0380 345.63
261.9190 4087573.53
262.8966 417.14
262.9268 2435533.46
263.1323 36463.55
263.1652 25014.97
263.9080 84070.37
264.8149 539.08
264.9159 170763.98
264.9262 302.59
265.1480 1931820.11
265.1811 1905.96
265.2173 13072.85
266.1513 230534.19
266.8039 350035.92
266.9048 37413.98
267.1439 69100.93
267.1966 4073.83
267.2330 74961.39
268.2363 7710.80
268.8010 577866.74
269.2122 22315.43
269.2486 157749.25
270.2156 580.61
270.2520 17769.38
270.7980 367962.58
270.8454 2145.24
270.9482 37859.47
271.1450 459.15
271.1916 896.15
271.2279 34545.69
272.2313 1650.00
272.7951 100648.25
272.8278 294.38
272.8425 611.57
272.9104 21876.81
272.9547 1388.71
272.9639 12568.88
273.1708 1863.78
273.2072 351.77
273.8330 8131.41
274.7921 10018.46
274.8251 932.42
274.8558 76827.11
274.8613 166.49
275.1652 18809.80
275.1686 377.53
275.8299 3163.42
276.7891 128.41
276.8323 238.63
276.8582 155.46
276.8951 120.62
276.9019 17.42
276.9259 288.17
277.1445 1038356.20
277.1811 46050.64
277.1842 6590.54
277.2174 6682.55
278.0757 254.83
278.1876 484.91
278.8583 5529.24
279.0486 183.84
279.0893 633.67
279.1273 590.60
279.1601 2980.93
279.1801 189.52
279.2329 61508.48
280.8554 343.78
280.8665 28.82
280.9418 746.33
281.1049 1178.40
281.1427 231.18
281.2121 2860.52
281.2486 484432.01
281.6600 616.87
281.6774 839.89
282.2519 70686.35
282.7777 1098.46
283.1106 31872.31
283.2278 1757.58
283.2642 5981945.07
284.2676 1178879.03
284.7747 3650.15
284.8899 175.81
285.1602 2500.92
285.1893 1484.19
285.2070 1523.09
285.2435 5587.72
285.2708 75191.29
286.7719 2011.33
286.9081 725.33
286.9294 22007.18
287.1612 63.11
287.2049 3602.75
288.7690 1074.24
288.9263 509.46
289.1842 49.35
290.8350 1314.60
291.1635 1425.19
291.2000 18296.75
292.0915 573.16
292.2034 1967.65
292.8274 59550.19
292.8796 12.87
293.1759 3151.66
293.1793 39639.88
293.1958 848.02
293.2486 12779.01
294.1822 2448.91
294.8242 53814.79
294.8320 2871.60
294.8352 26136.85
294.9387 17.90
295.2253 497.79
295.2277 10727.00
295.2640 52432.99
295.9537 196.66
296.2673 4880.68
296.8213 10931.58
296.8242 122.22
296.8286 112.15
296.8881 4029.77
297.1528 617017.05
297.1565 596.08
297.2433 49101.07
297.2796 71903.23
298.1562 73117.81
298.2466 4863.78
298.8184 581.72
298.8214 78.30
298.9427 93.66
298.9536 123.12
299.1322 656.84
299.2015 5733.15
299.2225 764.69
299.2589 46274.73
300.2623 3283.61
300.8402 4794.30
301.0305 229.75
301.0408 721.68
301.2172 5696.96
302.8372 237.42
302.9858 3596.27
303.1998 1236.75
303.2328 2520.04
305.2155 14619.44
306.1431 4464.38
306.2188 1234.20
307.1663 114.74
307.1946 6857.21
307.2640 8427.57
308.7930 117.32
308.8899 79.84
308.9158 13784.76
309.1531 82343.61
309.1732 14702.70
309.1869 67.08
309.2434 2908.46
309.2798 28397.56
309.8850 11219.12
310.2833 1699.75
310.8613 470.26
311.1351 1496.81
311.1686 4371680.56
311.2087 376.81
311.2226 1927.46
311.2592 4589.82
311.2953 89088.97
312.1666 886.88
312.1719 786963.14
312.8225 417.27
313.1644 157557.94
313.1728 10319.93
313.1916 375749.99
313.2383 12390.55
313.2747 2972.11
314.1721 12.31
314.1948 47180.80
314.8093 7507.70
315.0030 35834.09
315.1560 26.14
315.1883 105841.51
315.1957 1784.97
315.2359 3328.85
315.2540 585.03
316.1916 8963.71
316.8061 5195.73
316.8138 195.65
316.8170 788.94
316.9182 154.73
318.8031 1545.86
318.8506 2145.55
319.2310 2958.28
319.7905 231.23
320.1225 644.76
320.8477 456.52
321.1358 211785.73
322.8478 382.81
323.0085 104.28
323.1062 68334.11
323.1685 129924.77
323.1723 2774.33
323.2202 119.56
323.2589 2021.67
323.2953 16320.24
324.7622 30810.07
324.8514 8872.63
325.1034 4142.50
325.1841 6886550.64
325.2746 3395.91
326.1875 1351218.36
326.7593 72969.62
327.1798 244784.01
328.7564 64209.14
328.8349 444.59
328.8531 206.64
330.7534 17048.20
330.8008 403.17
330.8689 333.99
330.8976 7853.76
332.7504 1132.80
332.7980 167.52
332.9657 3253.86
334.7910 133.24
334.7952 1271.19
334.8376 380.94
334.8924 1151.70
334.9289 3186.28
334.9626 142.25
335.7855 1532.63
336.7880 229.45
336.8169 342.14
337.1311 95.80
337.1843 105268.45
337.1878 8986.00
337.2359 421.62
337.2746 3231.70
337.3112 10870.36
338.8137 231.93
338.8691 1389.76
339.1673 1121.77
339.1996 5017393.82
340.2030 1077572.68
340.9780 664.48
341.1827 300.06
341.2192 1923.66
341.2226 440404.70
342.2260 56235.89
342.7331 401.71
343.1430 207.24
343.2196 111031.73
344.7301 13.45
344.8298 113.15
348.9634 414137.23
350.7858 24562.19
351.2903 1421.22
351.3269 9038.27
352.7828 33877.04
352.8952 507.02
353.2695 1432.21
354.7799 14112.04
355.1680 756.13
355.1985 1021.57
356.7769 532.95
356.8198 659.19
356.8240 137.52
358.1771 98.09
358.7988 2705.71
358.9889 27.24
360.7959 837.41
362.1696 373.15
365.2461 61857.13
366.7597 532.51
367.2851 2623.65
368.7518 127.86
368.7567 3933.43
370.1399 212.07
370.7489 449.52
370.7538 2222.90
371.1363 564.20
371.1431 47.30
371.1497 7481.85
372.1534 819.37
372.7459 12.39
372.7677 7519.21
373.1471 5409.46
374.7648 13509.54
374.8614 61.65
375.1915 4581.86
376.7618 4357.69
376.8092 2754.86
378.8063 1821.87
382.7209 4777.57
383.1426 29780.67
384.7179 14450.94
384.8223 811.40
385.1783 2487.82
386.7149 13347.55
388.7119 4622.70
388.7596 521.56
390.7091 1210.41
390.9928 66457.38
393.2779 59570.19
397.1732 1321.86
402.8070 2045.97
402.8141 249.07
403.1889 11.53
407.2778 178.86
408.7443 5088.67
409.2251 7176.15
410.7414 14577.87
412.7384 7812.71
414.7355 292.24
416.7574 165.31
418.7544 181.48
421.2263 643.47
426.7151 197.05
429.0949 0.39
429.2112 480.54
430.7262 8040.17
432.7233 15827.49
433.7105 35.80
434.7203 9823.67
434.7279 331.59
434.7677 662.43
435.2605 489.98
435.7075 275.91
436.7173 342.81
436.7649 1282.71
438.7361 78.71
440.6793 5788.56
442.6764 20121.93
444.6735 26551.94
446.6705 12614.29
447.1340 4351.44
447.3459 3907.20
448.6676 2181.04
448.6971 454.94
449.1497 24641.06
449.2339 149.08
450.1534 2606.58
450.6647 488.75
450.6944 368.85
452.2787 121.88
452.6914 217.49
455.1324 2012.28
458.7469 111.56
460.6476 480.37
466.7029 3859.48
468.6998 6821.09
470.6969 5261.21
473.2823 55925.79
474.2861 10321.83
475.3766 638.81
476.7128 136.92
478.2667 159.08
483.2728 343.44
484.6663 197.06
488.6631 73.59
488.6849 4833.71
489.3929 76.44
490.6820 12494.50
490.6896 138.62
492.6790 9426.07
492.7265 906.35
494.6760 788.49
494.7235 1330.54
498.6381 3518.38
500.6351 20123.17
502.6322 24835.35
502.9760 137039.48
503.4080 814.82
504.6292 13945.61
505.4238 848.04
506.6260 4937.92
509.4569 4071.38
514.6122 139.83
515.4084 775.66
516.2432 473.54
517.4236 554.50
519.1493 159937.22
520.6031 267.47
529.4239 2154.54
531.4393 5388.30
532.4428 1055.77
533.4550 63214.76
534.4584 15150.43
534.8277 1860.42
535.4615 1493.30
537.4884 2350.96
543.4394 191.97
545.4551 752.06
546.6435 3596.16
547.4710 1431.74
548.6406 11340.66
550.6377 5348.52
550.6456 96.38
552.6348 1867.76
553.4493 1803.80
554.6316 392.16
556.5965 2132.09
557.4554 1140.73
558.5937 12837.73
559.4706 8825.20
560.4748 1328.38
560.5906 19459.46
561.4864 158201.07
562.4899 38525.05
562.5877 20130.78
563.4929 3440.08
564.5847 5339.84
566.5818 1739.22
573.4861 57.38
574.6641 147.44
574.8086 782.40
578.5617 540.59
585.5097 3898.06
588.7188 339.37
589.5177 70077.71
590.5211 19575.94
591.4137 550.45
604.6021 404.26
606.5994 3228.25
608.5965 5806.51
610.5933 2099.13
612.5904 244.55
613.5411 11611.91
616.5523 921.01
618.5496 3895.85
618.6537 80.68
619.4455 1653.01
620.5464 2603.49
622.5435 569.19
650.5887 541.33
664.5579 2120.06
666.5552 1526.64
668.5520 1344.83
674.5107 1031.70
676.5080 523.01
678.5053 2133.64
680.5020 531.76
688.3289 20.13
688.5843 1957.84
689.3319 4144.09
690.6858 156.03
694.5757 263.05
700.4923 60.04
702.5079 381.63
716.6049 57.80
718.6019 490.31
721.4353 790.94
722.5167 350.54
724.5135 1451.22
726.5106 1187.86
730.5395 5215.61
731.5430 2649.99
732.5461 122.37
734.4668 460.36
736.4640 173.26
738.4608 683.48
740.4580 59.21
750.5370 127.37
782.4721 629.66
784.4687 178.97
788.0896 162.70
790.4285 728.01
792.4252 1922.83
794.4223 4529.88
796.4194 2905.70
798.4164 785.05
800.4131 152.74
805.6598 4550.36
806.6642 1185.19
834.5900 33.42
839.7084 1083.17
840.4309 644.40
856.5010 354.73
890.4326 137.09
970.2943 407.06
1448.3060 125.90
 
 
