150.8865 859049.07
150.9892 121969.73
151.0260 170.97
151.9926 1811.48
152.8836 1031998.53
152.8914 169.31
152.8946 128.25
152.9850 3562.89
153.0049 861884.42
153.0304 239.73
154.0043 3448.44
154.0082 20021.00
154.0093 148.73
154.0121 5.23
154.8806 344206.19
154.9281 64322.06
154.9472 497.27
154.9961 1797.15
155.0007 67172.66
155.1078 6522.65
156.8776 25008.97
156.9251 10633.91
156.9761 43343.06
156.9963 17069.22
157.0130 206.28
157.1233 13872.34
158.0609 617.78
159.0325 632.83
159.0451 9171.01
160.0224 2025.17
160.0402 1037.94
160.0628 89.93
160.9151 600.10
162.8389 116.22
162.9778 19.74
163.0400 5831.50
163.0611 650.28
163.0764 7819.41
164.9570 352.38
165.0556 1235.26
165.9789 112106.94
166.0621 218.10
166.6668 644.10
166.6685 1537.75
166.6705 4053.08
166.6727 7143.65
166.8605 5941.38
167.0171 1508.36
167.0613 355.81
167.9920 1887.85
168.0452 3002.42
168.8576 6388.61
168.9786 2343.03
169.0658 54741.35
169.1233 9205.37
170.0042 39972.93
170.0611 1660.82
170.8547 706.54
170.8932 628.80
170.9441 675.61
171.0066 656.16
171.0120 1261.43
171.0469 69.67
171.1389 12251.37
172.0000 369.87
172.0097 98.51
172.0239 1564.48
172.0767 143.89
172.8815 407.91
172.9410 203.34
172.9620 147.97
173.0078 128.09
174.0019 7802.08
174.0558 175.80
174.9867 498131.56
175.0488 53.78
175.9022 248.07
176.9006 27533.05
176.9101 40469.26
176.9826 20405.92
177.0280 47.00
178.8976 4754.04
178.9071 10366.74
179.0350 3321.12
179.1190 73.33
180.0779 4.59
181.0506 481.79
183.0120 1887135.93
183.0563 64.73
183.0759 76.66
183.1389 8516.67
183.9869 1902.12
184.0154 138594.50
184.0198 99025.42
184.9597 157.86
184.9769 12406.82
184.9856 6.06
184.9946 31165.05
185.0078 54252.58
185.0277 1834.19
185.0430 890.72
185.1545 8979.12
186.0394 32.53
186.0560 930.64
186.9659 283079.93
187.1087 74.02
187.9653 190.84
187.9693 3659.45
188.0715 301.94
188.8938 248.25
188.9618 4621.41
188.9629 82079.23
188.9816 370230.89
189.0575 13.57
189.1284 5443.53
190.8790 2557.40
190.9589 2372.27
190.9605 1046.38
190.9775 6120.55
190.9787 104282.71
191.0732 0.48
192.0057 3926.47
192.8840 1418.35
193.0658 10005.34
194.8761 176.71
194.9081 318.92
194.9399 2625.93
195.1390 2805.33
195.6038 664.74
195.6114 4594.94
196.8732 324.12
196.9411 36.57
196.9597 13.05
197.0220 551.61
197.0277 149677.66
197.1546 9102.59
198.9178 1340.28
198.9314 53.94
199.0070 2883.52
199.1339 1276.36
199.1703 20894.72
200.1736 1169.38
201.8764 333.10
201.9941 1859.69
202.0344 553.12
202.0485 63.43
202.8515 1578.69
202.9608 2036.61
203.0825 11.86
205.0539 302.39
205.1233 9240.78
205.1597 28882.75
206.0717 5.64
206.1631 1667.13
206.8563 4491.41
207.0681 2562.30
207.9758 27.63
208.0714 28.16
208.8452 728693.04
208.9478 122502.15
209.1548 3175.09
210.1248 6.75
210.8423 957410.38
210.9449 23563.62
210.9636 461444.90
211.0104 975.32
211.0433 20019.62
211.1703 8946.58
212.0752 5526.02
212.1040 113.81
212.8393 448835.43
212.8742 180.37
212.8868 9695.28
212.9607 159843.96
213.0228 2362.54
213.1496 1514.94
213.1860 12489.30
214.1894 520.97
214.8364 80603.21
214.8829 4623.06
214.9140 399.24
214.9339 2533.40
214.9518 930.28
215.8742 422.29
216.0157 211.16
216.8334 1513.21
216.8713 5605.23
216.9027 281.94
216.9284 1059.94
217.0484 15.17
217.8713 1170.58
218.8738 313.38
218.9107 289.25
218.9921 20.91
219.0386 115.49
219.0454 1964.98
219.1753 48291.07
219.8684 7.12
220.0489 168.91
220.0703 588.49
220.8708 452.04
221.0543 45.50
221.0818 6899.41
221.0972 10511.81
221.1547 9330.02
223.1703 3808.74
223.9780 22314.49
224.0274 448.81
224.8192 4877.87
224.9079 987.50
225.1861 16127.72
225.2224 4151.60
226.1893 1309.01
226.8162 8540.23
226.9049 118.01
227.2017 81211.94
228.1435 830.25
228.2049 4265.78
228.8131 2020.90
228.8517 1587.79
228.9390 2165741.16
229.0979 319.89
230.9554 1556267.63
231.1391 58702.53
231.1754 26769.22
232.8797 693.94
232.9455 508045.24
233.1548 37473.45
233.8609 182.32
234.8593 19721.46
234.8688 323618.91
234.9426 121137.12
235.1705 5583.86
236.8564 10995.91
236.8658 210099.49
236.8730 89.04
237.1861 2549.04
237.2223 10581.73
238.8629 19736.66
238.8658 24.45
238.8700 227.81
238.9104 234.31
239.0747 38753.83
239.1653 3985.75
239.2016 16748.18
241.0731 231.42
241.1448 811.44
241.1810 2393.90
241.2173 39142.71
242.2207 2294.91
242.9183 47.40
243.1602 328.18
243.1964 719.39
244.1455 148.32
246.8487 3021.63
247.1339 4977.43
247.8299 558.92
248.8377 26021.26
248.8457 2242.95
248.8843 160.69
248.9733 1508.67
249.0318 650.94
249.1496 31879.55
249.1860 3897.03
249.8270 543.36
249.8558 107.67
250.0462 3267.97
250.8348 33412.12
250.8427 2274.28
250.8458 3166.06
250.8982 383.70
250.9820 230.66
251.1653 2489.53
251.2017 9187.21
251.8240 256.61
252.8303 349.68
252.8320 12559.58
252.8349 156.12
252.9028 405.32
253.1811 1375.67
253.2175 132241.01
254.2210 12274.42
254.8875 71.97
254.9000 187.55
254.9264 56659.39
254.9441 14042.07
255.1608 5500.46
255.2330 3251485.74
255.3074 3406.30
255.9501 119008.34
256.2363 536923.17
256.8508 6311.56
256.8765 340.44
256.8798 178.64
256.8956 2.62
257.0310 262.35
257.1757 36451.89
257.2122 1537.79
257.2372 4105.24
257.2396 28125.35
257.9390 9052.61
258.1790 4133.79
258.8477 2936.60
258.8687 389.57
260.0652 4.63
260.8829 117.54
260.8923 8628.06
261.0380 988.46
261.8611 97.76
261.9190 4325213.75
262.8635 378.36
262.8966 151.94
262.9268 2919010.85
263.1323 19408.81
263.1652 14327.54
263.9080 308387.19
264.8149 21754.34
264.9159 584902.39
264.9262 145.43
265.1480 1594330.43
265.1811 839.18
265.2173 3913.98
265.8956 142.13
266.1513 177246.80
266.8039 1747912.71
266.9048 159758.02
267.1439 45339.53
267.1966 584.58
267.2330 24342.10
268.2363 3212.94
268.7206 1920.33
268.8010 2829083.02
269.2122 10413.57
269.2486 62064.82
270.2156 319.33
270.2520 5603.69
270.7980 1793963.58
270.8454 9132.88
270.9482 68168.92
271.1916 374.10
271.2279 13120.98
272.2313 1154.72
272.7951 560447.89
272.8425 8948.73
272.8924 335.78
272.9104 20535.57
272.9547 4582.34
272.9639 27430.49
273.1708 1223.57
273.8330 3296.86
274.7921 67205.70
274.8251 2185.96
274.8396 1071.04
274.8558 66175.46
274.8613 4194.37
274.9065 1065.51
274.9428 89.87
275.1652 6719.39
275.8299 1438.19
276.7891 1581.81
276.8323 422.75
276.8582 1324.83
276.8951 176.28
276.9019 13.84
276.9259 8.24
277.1445 779087.15
277.1811 30860.52
277.1842 7644.89
277.2174 3321.84
278.1876 317.05
278.8294 256.75
278.8583 8370.78
278.8715 162.05
278.8901 101.42
279.0893 24.78
279.1601 206.49
279.1801 437.59
279.2329 36278.53
280.8266 127.79
280.8294 92.72
280.8554 841.16
280.9418 2509.24
281.1049 237.67
281.1427 1186.94
281.2121 1017.12
281.2486 295332.58
281.6600 60.78
281.6774 3643.93
282.2519 39649.10
282.7777 22400.64
282.8664 303.55
282.8742 24.67
283.0680 8.86
283.1106 42113.86
283.2278 1741.20
283.2642 3142856.72
284.2676 573708.19
284.7747 40892.34
284.8899 165.66
285.1261 259.60
285.1602 713.92
285.1818 93.38
285.1893 769.66
285.2070 1656.30
285.2435 1740.85
285.2708 34396.21
286.7719 23371.88
286.9081 329.92
286.9294 16973.13
287.1575 229.88
287.1612 3.41
287.2049 3939.76
288.7690 5064.24
288.9263 237.46
289.1842 188.12
290.8350 625.67
290.8951 209.93
291.1635 1050.25
291.2000 16366.61
291.2095 328.26
291.9580 150.57
292.2034 1659.40
292.8274 246018.07
292.8796 39.56
293.1759 596.68
293.1793 17845.24
293.1958 617.01
293.2486 4098.05
294.1822 507.17
294.7983 94.53
294.8242 239443.51
294.8320 6039.60
294.8352 28961.95
294.9387 104.20
295.2253 38.41
295.2277 6137.42
295.2640 21193.02
296.2673 1957.22
296.8213 57196.14
296.8242 163.50
296.8286 2082.75
296.8688 158.85
296.8881 16929.43
297.1528 323872.86
297.1565 197.57
297.2433 18848.70
297.2796 28769.61
298.1562 37696.99
298.2466 1927.79
298.8184 2751.97
298.8611 263.70
298.8769 157.27
298.9427 1161.06
299.1322 1081.00
299.2015 2269.73
299.2225 85.01
299.2589 18019.72
299.8564 107.76
300.2623 1604.56
300.8402 10690.15
301.0305 123.90
301.0408 2535.47
301.2172 3925.43
301.9580 110.61
302.8372 2748.33
302.9858 15951.41
303.1998 186.52
303.2328 2539.85
304.8071 254.13
304.9816 1705.54
305.2155 12041.02
306.0763 114.21
306.1431 709.28
306.2188 713.21
306.8044 527.84
307.1946 3788.28
307.2640 4835.70
308.7930 1021.27
308.8013 1234.05
308.8899 1150.79
308.9054 407.87
308.9158 16491.11
309.1531 35113.83
309.1732 7346.82
309.1869 47.40
309.2434 1814.83
309.2798 16720.04
309.8850 10658.40
310.2833 2669.96
310.7934 55.86
310.7984 1058.81
310.8613 115.11
310.9025 352.20
311.1686 1904899.27
311.2226 976.67
311.2592 1842.40
311.2953 49211.17
312.1666 923.64
312.1719 314602.43
312.8225 40.17
312.8339 7.26
312.8849 3528.49
312.8995 237.81
313.1644 53929.95
313.1728 3564.68
313.1916 296941.06
313.2383 5215.58
313.2747 1232.62
314.1948 30709.50
314.8093 37652.08
315.0030 230952.07
315.1340 1026.09
315.1883 75371.58
315.1957 722.82
315.2359 2716.91
315.7963 108.24
316.1916 5982.93
316.8061 36772.01
316.8138 251.58
318.8031 7798.77
318.8506 8726.49
319.2310 2197.50
320.1225 181.19
320.8477 703.38
320.8548 438.25
321.1358 89838.92
321.8382 83.43
322.1229 280.09
322.8189 115.92
323.1062 110287.84
323.1685 44539.99
323.1723 141.63
323.2953 10542.25
324.2288 23.28
324.7622 264836.00
324.8514 2417.10
324.8845 111.78
325.1034 23642.30
325.1841 2528446.93
325.1912 120.25
325.2746 1835.08
325.8798 45.60
326.1875 451125.77
326.7593 548282.16
327.1672 15.29
327.1798 68583.32
328.7564 431569.31
328.8037 6360.80
330.7534 157177.49
330.7831 488.21
330.7863 30.31
330.8008 8163.03
330.8976 6113.66
332.7504 25713.05
332.7980 3018.41
332.8198 122.64
332.9657 8852.81
334.7910 369.62
334.7952 1197.67
334.8924 517.78
334.9289 1662.35
334.9626 1360.75
335.1428 293.05
335.7855 2013.24
336.7880 8.07
336.8169 2217.36
337.1311 266.39
337.1843 37347.36
337.1878 900.51
337.2746 904.07
337.3112 7694.83
337.9998 294.58
338.7848 117.65
338.8137 1406.29
338.8248 124.50
338.8691 4362.01
339.1996 1637252.01
340.2030 302661.73
340.2239 20.52
340.7358 2962.15
340.8325 410.91
340.9780 8562.68
341.1827 106.27
341.2192 288.93
341.2226 342253.79
342.2260 45725.71
342.7331 7771.83
343.1430 447.73
343.2196 89306.58
344.7301 7175.24
344.8298 242.88
344.8453 45.58
346.8454 1043.97
347.0590 397.17
348.9634 707013.31
350.7858 135008.56
351.2903 1030.50
351.3269 6585.54
352.7828 185737.85
352.7905 142.92
353.1519 99.29
354.7799 66953.11
354.7877 883.81
355.1680 479.92
355.1985 371.32
356.7769 8741.51
356.7801 229.56
358.7988 10606.59
358.8432 951.38
358.8564 109.19
360.7959 5334.84
360.8142 166.78
360.8402 118.18
360.8514 64.54
364.7626 561.44
365.1246 295.04
365.2461 107311.60
365.7728 151.85
366.7597 2341.61
367.2851 948.74
367.7698 16.49
368.7518 192.54
368.7567 5647.76
368.8609 202.62
370.7489 1335.29
370.7538 2630.55
371.1363 1908.63
371.1431 21.12
371.1497 6958.78
372.1534 541.26
372.7459 213.39
372.7677 49663.24
373.1471 3919.38
374.7429 110.43
374.7648 72634.33
375.1915 1345.54
376.7618 29337.45
376.7695 315.27
376.8092 9429.00
378.7588 2950.57
378.8063 3855.21
380.7776 106.54
380.8065 235.99
380.8253 479.74
382.7209 49656.21
382.8430 123.49
383.1426 24840.05
384.7179 141520.97
384.8223 3595.02
385.1783 2134.43
386.7149 130649.51
388.7119 56041.37
388.7596 1799.46
390.7091 12527.65
390.7387 335.79
390.9928 32029.31
393.2779 102421.13
396.7723 181.14
397.2898 49.39
398.7911 3607.73
398.9368 783.27
400.6917 3843.83
400.7882 1531.96
400.9339 670.83
402.8070 8037.75
402.8141 772.73
402.8204 191.94
402.8249 302.54
402.8561 110.32
404.7854 91.30
407.2294 668.66
408.7443 44918.03
408.8198 10646.23
409.2251 936.06
410.7414 76281.10
412.7384 46495.99
412.7885 63.81
414.7355 8011.04
416.7574 3192.88
418.7544 2526.65
420.7515 1082.57
420.7700 98.73
421.2263 392.64
424.7185 246.45
424.7961 132.69
425.7547 48.18
426.7066 1814.50
426.7105 1261.55
426.7151 1925.68
426.8326 109.14
428.7075 556.36
428.7121 244.52
428.7830 16.16
429.0949 14.78
429.2112 627.08
430.7262 50903.24
432.7233 90912.73
432.7307 9.02
433.7105 262.30
434.7203 54250.72
434.7279 470.04
434.7677 8251.40
435.2605 596.39
436.7173 11249.22
436.7649 7572.37
437.3117 208.99
438.7144 606.60
438.7618 1937.84
438.7835 146.41
440.6793 54690.97
440.7806 302.43
442.6764 194785.85
442.7808 697.37
442.7937 216.20
442.7993 2690.35
444.6735 227282.14
444.7778 340.97
446.6705 119022.84
447.1340 3674.92
447.3459 319.21
448.1379 402.91
448.6676 33310.86
448.6971 222.78
449.1497 14690.33
450.1534 1084.98
450.6647 5244.11
450.6944 370.82
455.1324 374.20
456.7499 4849.99
458.6503 7314.72
458.7469 3480.52
460.6476 10835.27
460.7473 319.52
460.7915 368.97
462.6447 5665.33
463.1657 897.09
464.7769 700.46
466.7029 15185.79
468.6998 33759.20
470.6969 29760.95
473.2823 60302.47
474.2861 13730.41
474.7159 788.71
476.7128 964.52
478.2667 27.11
478.7100 384.47
482.6688 3545.38
482.7803 100.96
484.6663 3273.20
484.7816 109.54
486.2353 328.98
486.6660 1793.40
488.6631 410.23
488.6849 38299.94
489.3929 43.74
490.6820 78266.07
490.6896 44.07
492.6790 62450.57
492.6867 123.08
492.7265 5691.42
494.2616 64.36
494.6760 22598.52
494.6836 0.79
494.7235 9461.05
496.6729 2109.90
496.7205 1839.21
498.6381 44235.37
498.7394 232.17
500.6351 160577.06
500.7395 808.77
502.6322 211890.92
502.9760 342363.88
503.4080 504.54
504.6292 146361.79
504.7560 224.11
505.4238 116.97
506.6260 56383.23
506.6555 208.80
506.7442 556.62
508.6231 14016.17
508.6527 785.66
509.4569 1790.45
514.6122 254.12
514.7082 2916.05
516.6088 8618.13
516.7053 5915.14
517.4236 246.14
518.6057 11366.64
518.7027 2125.19
518.7499 124.64
519.1493 86280.12
520.6031 7955.01
520.7023 121.04
522.6004 2876.42
524.7289 17.76
529.4239 200.54
531.4393 449.30
532.4428 82.31
533.4550 13697.40
534.4584 1814.19
534.6716 238.08
534.8277 883.66
537.4884 1772.97
540.6276 3408.82
541.6718 78.97
542.6245 6074.37
544.7293 1424.37
544.7735 117.26
545.4551 148.47
546.6435 27805.40
547.4710 317.21
548.6406 62243.89
550.6377 58145.51
550.6456 489.19
552.6348 26922.11
552.6825 1874.93
554.6316 7158.34
556.5965 31950.20
556.6288 224.69
558.5937 118403.91
559.4706 655.10
560.5906 188683.79
560.6950 384.19
561.4864 37767.13
562.4899 7051.63
562.5877 150286.72
562.7142 3049.62
564.5847 74400.21
564.6145 3752.70
566.5818 20972.03
566.6116 1266.48
566.7110 128.94
572.6669 3246.87
574.5677 11368.53
574.6641 5869.08
574.8086 117.88
576.5646 15728.79
576.6611 3333.26
576.7088 142.71
578.5617 16393.11
578.6592 689.84
580.5591 4682.53
582.6852 108.44
584.6930 1303.85
585.5097 2137.39
586.7297 112.50
588.6000 131.70
588.6424 371.36
588.7188 1508.59
589.5177 24208.79
590.5211 5161.56
590.6332 17.15
591.4137 135.92
598.6908 357.56
604.6021 9998.34
606.4237 108.50
606.5994 32450.95
608.2698 114.30
608.5965 38928.18
608.6046 9.98
610.5933 23402.68
610.6016 71.27
612.5904 8094.41
613.5411 5363.21
614.5868 472.20
616.5523 27290.95
618.5496 44466.29
618.6537 250.37
620.5464 42521.24
620.6723 1518.94
622.5435 22176.79
622.5734 195.08
624.5402 9069.44
624.5702 999.31
626.5674 1138.87
630.6257 1730.33
632.6230 9503.09
634.6200 5123.73
636.6173 871.83
648.5918 149.95
656.6493 8.28
662.5608 5173.34
664.5579 19589.74
664.6610 88.13
666.5552 26164.32
668.5520 19727.12
670.5490 7605.40
670.6182 31.38
672.5456 734.89
672.6156 592.83
674.5107 13774.41
674.6130 849.10
676.5080 28944.67
676.6113 536.16
678.5053 30945.73
678.6314 896.54
680.5020 20983.11
680.6279 848.45
682.4984 7702.07
682.5288 902.35
682.6280 353.44
684.5262 145.50
688.3289 27.62
688.5843 3606.39
689.3319 436.76
690.5811 5523.48
692.5782 4580.61
694.4749 1772.82
694.5757 1433.84
698.4713 258.46
700.4923 92.52
702.5079 403.74
704.5145 123.91
706.4373 112.67
714.6077 224.58
718.6019 107.35
719.4868 131.99
720.5190 4795.75
721.4353 1890.51
722.5167 17444.82
724.5135 27465.53
726.5106 24236.88
728.5077 13884.88
730.5042 1739.59
730.5395 6938.15
731.4871 223.46
731.5430 2138.95
733.5026 317.36
734.4668 17951.26
734.5061 434.26
736.4640 21312.07
738.4608 16515.85
740.4580 8120.75
742.4838 1263.54
746.5432 309.35
748.5398 3543.57
750.5370 3426.05
752.5342 1274.94
762.4639 118.10
763.5402 80.95
770.5220 276.51
772.5189 349.58
782.4721 14882.23
784.4687 13534.98
790.4285 14769.34
792.4252 35077.40
794.4223 44930.21
796.4194 41791.20
798.4164 22189.88
800.4131 9362.64
802.3691 223.29
804.4140 308.17
805.6598 1069.51
806.6642 149.33
810.3962 7160.48
824.5689 58.65
832.4747 283.95
834.5900 72.34
840.4309 6445.43
840.7121 135.23
856.5010 104.91
888.4357 1307.00
890.4326 579.32
892.5450 61.27
916.5641 105.06
946.3939 373.31
948.3925 336.88
956.5563 3.52
970.2943 10175.29
1306.3645 192.42
1346.3578 40.37
1588.2075 132.15
 
 
