ResNum	Frequency_count	Frequency_zscore
       1         0     -1.5320
       2         0     -1.5320
       3         0     -1.5320
       4         0     -1.5320
       5         0     -1.5320
       6         0     -1.5320
       7         2     -0.6338
       8         1     -1.0829
       9         2     -0.6338
      10         3     -0.1847
      11         1     -1.0829
      12         0     -1.5320
      13         1     -1.0829
      14         0     -1.5320
      15         3     -0.1847
      16         1     -1.0829
      17         5      0.7135
      18         5      0.7135
      19         4      0.2644
      20         0     -1.5320
      21         1     -1.0829
      22         2     -0.6338
      23         5      0.7135
      24         4      0.2644
      25         6      1.1626
      26         6      1.1626
      27         2     -0.6338
      28         3     -0.1847
      29         4      0.2644
      30         5      0.7135
      31         3     -0.1847
      32         4      0.2644
      33         2     -0.6338
      34         5      0.7135
      35         5      0.7135
      36         2     -0.6338
      37         5      0.7135
      38         4      0.2644
      39         4      0.2644
      40         9      2.5098
      41         4      0.2644
      42         3     -0.1847
      43         4      0.2644
      44         4      0.2644
      45         4      0.2644
      46         4      0.2644
      47         4      0.2644
      48         2     -0.6338
      49         2     -0.6338
      50         2     -0.6338
      51         3     -0.1847
      52         2     -0.6338
      53         5      0.7135
      54         5      0.7135
      55         1     -1.0829
      56         1     -1.0829
      57         8      2.0607
      58         8      2.0607
      59         4      0.2644
      60         7      1.6117
      61         4      0.2644
      62         4      0.2644
      63        11      3.4080
      64        10      2.9589
      65         5      0.7135
      66         5      0.7135
      67         3     -0.1847
      68         3     -0.1847
      69         7      1.6117
      70         2     -0.6338
      71         2     -0.6338
      72         2     -0.6338
      73         4      0.2644
      74         3     -0.1847
      75         4      0.2644
      76         8      2.0607
      77         4      0.2644
      78         5      0.7135
      79         4      0.2644
      80         4      0.2644
      81         6      1.1626
      82         5      0.7135
      83         3     -0.1847
      84         7      1.6117
      85         7      1.6117
      86         4      0.2644
      87         7      1.6117
      88         5      0.7135
      89         5      0.7135
      90         5      0.7135
      91         6      1.1626
      92         6      1.1626
      93         3     -0.1847
      94         7      1.6117
      95         5      0.7135
      96         3     -0.1847
      97         2     -0.6338
      98         4      0.2644
      99         4      0.2644
     100         4      0.2644
     101         7      1.6117
     102         4      0.2644
     103         3     -0.1847
     104         5      0.7135
     105         5      0.7135
     106         4      0.2644
     107         5      0.7135
     108         3     -0.1847
     109         2     -0.6338
     110         6      1.1626
     111         2     -0.6338
     112         2     -0.6338
     113         6      1.1626
     114         2     -0.6338
     115         1     -1.0829
     116         2     -0.6338
     117         4      0.2644
     118         3     -0.1847
     119         3     -0.1847
     120         2     -0.6338
     121         3     -0.1847
     122         2     -0.6338
     123         3     -0.1847
     124         2     -0.6338
     125         1     -1.0829
     126         1     -1.0829
     127         3     -0.1847
     128         5      0.7135
     129         2     -0.6338
     130         2     -0.6338
     131         2     -0.6338
     132         1     -1.0829
     133         2     -0.6338
     134         0     -1.5320
     135         1     -1.0829
     136         0     -1.5320
     137         0     -1.5320
     138         1     -1.0829
     139         1     -1.0829
     140         0     -1.5320
     141         0     -1.5320
